m 1.5 0 0
m 1.5 0 0
m 1.5 0 0
m 1.5 0 0
m 1.5 0 0
m 1.5 0 0
m 1.5 0 0
m 1.5 0 0
m 1.5 0 0
m 1.5 0 0
m 1.5 0 0
m 1.5 0 0
m 1.5 0 0
m 1.5 0 0
m 1.5 0 0
m 1.5 0 0
m 1.5 0 0
m 1.5 0 0
m 1.5 0 0
m 1.5 0 0
r 0 0 -1
m 1.5 .1 0
r 0 0 -1
m 1.5 .1 0
r 0 0 -1
m 1.5 .1 0
r 0 0 -1
m 1.5 .2 0
r 0 0 -1
m 1.5 .2 0
r 0 0 -1
m 1.5 .2 0
r 0 0 -1
m 1.5 .3 0
r 0 0 -1
m 1.5 .3 0
r 0 0 -1
m 1.5 .3 0
r 0 0 -1
m 1.5 .4 0
r 0 0 -1
m 1.5 .4 0
r 0 0 -1
m 1.5 .4 0
r 0 0 -1
m 1.5 .5 0
r 0 0 -1
m 1.5 .5 0
r 0 0 -1
m 1.5 .5 0
r 0 0 -1
m 1.5 .6 0
r 0 0 -1
m 1.5 .6 0
r 0 0 -1
m 1.5 .6 0
r 0 0 -1
m 1.5 .7 0
r 0 0 -1
m 1.5 .7 0
r 0 0 -1
m 1.5 .7 0
r 0 0 -1
m 1.5 .8 0
r 0 0 -1
m 1.5 .8 0
r 0 0 -1
m 1.5 .8 0
r 0 0 -1
c
m 1.5 .9 0
r 0 0 -1
m 1.5 .9 0
r 0 0 -1
m 1.5 .9 0
r 0 0 -1
m 1 1 0
r 0 0 -1
m 1 1 0
r 0 0 -1
m 1.5 1 0
m 1.5 1 0
m 1.5 1 0
m 1.5 1 0
m 1.5 1 0
m 1.5 1 0
m 1.5 1 0
m 1.5 1 0
m 1.5 1 0
m 1.5 1 0
m 1.5 1 0
m 1.5 1 0
m 1.5 1 0
m 1.5 1 0
m 1.5 1 0
m 1.5 1 0
m 1.5 1 0
m 1.5 1 0
m 1.5 1 0
m 1.5 1 0
m 1.5 1 0
m 1.5 1 0
m 1.5 1 0
m 1.5 1 0
m 1.5 1 0
m 1.5 1 0
m 1.5 1 0
m 1.5 1 0
m 1.5 1 0
m 1.5 1 0
m 1.5 1 0
m 1.5 1 0
m 1.5 1 0
m 1.5 1 0
m 1.5 1 0
m 1.5 1 0
m 1.5 1 0
m 1.5 1 0
m 1.5 1 0
m 1.5 1 0
m 1.5 1 0
m 1.5 1 0
r 0 0 1
m 1.5 1 0
r 0 0 1
m 1.5 1 0
r 0 0 1
m 1.5 .9 0
r 0 0 1
m 1.5 .9 0
r 0 0 1
m 1.5 .9 0
r 0 0 1
m 1.5 .8 0
r 0 0 1
m 1.5 .8 0
r 0 0 1
m 1.5 .8 0
r 0 0 1
m 1.5 .7 0
r 0 0 1
m 1.5 .7 0
r 0 0 1
m 1.5 .7 0
r 0 0 1
m 1.5 .6 0
r 0 0 1
m 1.5 .6 0
r 0 0 1
m 1.5 .6 0
r 0 0 1
m 1.5 .5 0
r 0 0 1
m 1.5 .5 0
r 0 0 1
m 1.5 .5 0
r 0 0 1
m 1.5 .4 0
r 0 0 1
m 1.5 .4 0
r 0 0 1
m 1.5 .4 0
r 0 0 1
m 1.5 .3 0
r 0 0 1
m 1.5 .3 0
r 0 0 1
m 1.5 .3 0
r 0 0 1
m 1.5 .2 0
r 0 0 1
m 1.5 .2 0
r 0 0 1
m 1.5 .2 0
r 0 0 1
m 1.5 .1 0
r 0 0 1
m 1.5 .1 0
r 0 0 1
m 1.5 .1 0
r 0 0 1
m 1.5 0 0
m 1.5 0 0
m 1.5 0 0
m 1.5 0 0
m 1.5 0 0
m 1.5 0 0
m 1.5 0 0
m 1.5 0 0
m 1.5 0 0
c
m 1.5 0 0
m 1.5 0 0
m 1.5 0 0
m 1.5 0 0
m 1.5 0 0
m 1.5 0 0
m 1.5 0 0
m 1.5 0 0
m 1.5 0 0
m 1.5 0 0
m 1.5 0 0
m 1.5 0 0
m 1.5 0 0
r 0 -1 0
m 1.5 0 -.1
r 0 -1 0
m 1.5 0 -.1
r 0 -1 0
m 1.5 0 -.1
r 0 -1 0
m 1.5 0 -.2
r 0 -1 0
m 1.5 0 -.2
r 0 -1 0
m 1.5 0 -.2
r 0 -1 0
m 1.5 0 -.3
r 0 -1 0
m 1.5 0 -.3
r 0 -1 0
m 1.5 0 -.3
r 0 -1 0
m 1.5 0 -.4
r 0 -1 0
m 1.5 0 -.4
r 0 -1 0
m 1.5 0 -.4
r 0 1 0
m 1.5 0 -.4
r 0 1 0
m 1.5 0 -.4
r 0 1 0
m 1.5 0 -.4
r 0 1 0
m 1.5 0 -.3
r 0 1 0
m 1.5 0 -.3
r 0 1 0
m 1.5 0 -.3
r 0 1 0
m 1.5 0 -.2
r 0 1 0
m 1.5 0 -.2
r 0 1 0
m 1.5 0 -.2
r 0 1 0
m 1.5 0 -.1
r 0 1 0
m 1.5 0 -.1
r 0 1 0
m 1.5 0 -.1
m 1.5 0 0
m 1.5 0 0
m 1.5 0 0
m 1.5 0 0
m 1.5 0 0
m 1.5 0 0
m 1.5 0 0
m 1.5 0 0
m 1.5 0 0
m 1.5 0 0
m 1.5 0 0
m 1.5 0 0
m 1.5 0 0
m 1.5 0 0
m 1.5 0 0
m 1.5 0 0
m 1.5 0 0
m 1.5 0 0
m 1.5 0 0
m 1.5 0 0
m 1.5 0 0
m 1.5 0 0
m 1.5 0 0
m 1.5 0 0
m 1.5 0 0
m 1.5 0 0
m 1.5 0 0
m 1.5 0 0
m 1.5 0 0
m 1.5 0 0
m 1.5 0 0
m 1.5 0 0
m 1.5 0 0
m 1.5 0 0
m 1.5 0 0
m 1.5 0 0
m 1.5 0 0
m 1.5 0 0
m 1.5 0 0
m 1.5 0 0
m 1.5 0 0
m 1.5 0 0
m 1.5 0 0
m 1.5 0 0
m 1.5 0 0
m 1.5 0 0
m 1.5 0 0
m 1.5 0 0
m 1.5 0 0
r 0 1 0
m 1.5 0 .1
r 0 1 0
m 1.5 0 .1
r 0 1 0
m 1.5 0 .1
r 0 1 0
m 1.5 0 .2
r 0 1 0
m 1.5 0 .2
r 0 1 0
m 1.5 0 .2
r 0 1 0
m 1.5 0 .3
r 0 1 0
m 1.5 0 .3
r 0 1 0
m 1.5 0 .3
r 0 1 0
m 1.5 0 .4
r 0 1 0
m 1.5 0 .4
r 0 1 0
m 1.5 0 .4
r 0 -1 0
m 1.5 0 .4
r 0 -1 0
m 1.5 0 .4
r 0 -1 0
m 1.5 0 .4
r 0 -1 0
m 1.5 0 .3
r 0 -1 0
m 1.5 0 .3
r 0 -1 0
m 1.5 0 .3
r 0 -1 0
m 1.5 0 .2
r 0 -1 0
m 1.5 0 .2
r 0 -1 0
m 1.5 0 .2
r 0 -1 0
m 1.5 0 .1
r 0 -1 0
m 1.5 0 .1
r 0 -1 0
m 1.5 0 .1
m 1.5 0 0
m 1.5 0 0
m 1.5 0 0
m 1.5 0 0
m 1.5 0 0
m 1.5 0 0
m 1.5 0 0
m 1.5 0 0
m 1.5 0 0
m 1.5 0 0
m 1.5 0 0
m 1.5 0 0
c
m 1.5 0 0
m 1.5 0 0
m 1.5 0 0
m 1.5 0 0
m 1.5 0 0
r 0 0 1
m 1.5 -.1 0
r 0 0 1
m 1.5 -.1 0
r 0 0 1
m 1.5 -.1 0
r 0 0 1
m 1.5 -.2 0
r 0 0 1
m 1.5 -.2 0
r 0 0 1
m 1.5 -.2 0
r 0 0 1
m 1.5 -.3 0
r 0 0 1
m 1.5 -.3 0
r 0 0 1
m 1.5 -.3 0
r 0 0 1
m 1.5 -.4 0
r 0 0 1
m 1.5 -.4 0
r 0 0 1
m 1.5 -.4 0
r 0 0 1
m 1.5 -.5 0
r 0 0 1
m 1.5 -.5 0
r 0 0 1
m 1.5 -.5 0
r 0 0 1
m 1.5 -.6 0
r 0 0 1
m 1.5 -.6 0
r 0 0 1
m 1.5 -.6 0
r 0 0 1
m 1.5 -.7 0
r 0 0 1
m 1.5 -.7 0
r 0 0 1
m 1.5 -.7 0
r 0 0 1
m 1.5 -.8 0
r 0 0 1
m 1.5 -.8 0
r 0 0 1
m 1.5 -.8 0
r 0 0 1
m 1.5 -.9 0
r 0 0 1
m 1.5 -.9 0
r 0 0 1
m 1.5 -.9 0
r 0 0 1
m 1.5 -1 0
r 0 0 1
m 1.5 -1 0
r 0 0 1
m 1.5 -1 0
m 1.5 -1 0
m 1.5 -1 0
m 1.5 -1 0
m 1.5 -1 0
m 1.5 -1 0
m 1.5 -1 0
m 1.5 -1 0
m 1.5 -1 0
m 1.5 -1 0
m 1.5 -1 0
m 1.5 -1 0
m 1.5 -1 0
m 1.5 -1 0
m 1.5 -1 0
m 1.5 -1 0
m 1.5 -1 0
m 1.5 -1 0
m 1.5 -1 0
m 1.5 -1 0
m 1.5 -1 0
m 1.5 -1 0
m 1.5 -1 0
m 1.5 -1 0
m 1.5 -1 0
m 1.5 -1 0
m 1.5 -1 0
m 1.5 -1 0
m 1.5 -1 0
m 1.5 -1 0
m 1.5 -1 0
m 1.5 -1 0
m 1.5 -1 0
m 1.5 -1 0
m 1.5 -1 0
m 1.5 -1 0
m 1.5 -1 0
m 1.5 -1 0
m 1.5 -1 0
m 1.5 -1 0
m 1.5 -1 0
m 1.5 -1 0
r 0 0 -1
m 1.5 -1 0
r 0 0 -1
m 1.5 -1 0
r 0 0 -1
m 1.5 -.9 0
r 0 0 -1
m 1.5 -.9 0
r 0 0 -1
m 1.5 -.9 0
r 0 0 -1
m 1.5 -.8 0
r 0 0 -1
m 1.5 -.8 0
r 0 0 -1
m 1.5 -.8 0
r 0 0 -1
m 1.5 -.7 0
r 0 0 -1
m 1.5 -.7 0
r 0 0 -1
m 1.5 -.7 0
r 0 0 -1
m 1.5 -.6 0
r 0 0 -1
m 1.5 -.6 0
r 0 0 -1
m 1.5 -.6 0
r 0 0 -1
m 1.5 -.5 0
r 0 0 -1
m 1.5 -.5 0
r 0 0 -1
m 1.5 -.5 0
r 0 0 -1
m 1.5 -.4 0
r 0 0 -1
m 1.5 -.4 0
r 0 0 -1
m 1.5 -.4 0
r 0 0 -1
m 1.5 -.3 0
r 0 0 -1
m 1.5 -.3 0
r 0 0 -1
m 1.5 -.3 0
r 0 0 -1
m 1.5 -.2 0
r 0 0 -1
m 1.5 -.2 0
r 0 0 -1
m 1.5 -.2 0
r 0 0 -1
m 1.5 -.1 0
r 0 0 -1
m 1.5 -.1 0
r 0 0 -1
m 1.5 -.1 0
r 0 0 -1
m 1.5 0 0
m 1.5 0 0
m 1.5 0 0
m 1.5 0 0
m 1.5 0 0
m 1.5 0 0
m 1.5 0 0
m 1.5 0 0
m 1.5 0 0
m 1.5 0 0
m 1.5 0 0
m 1.5 0 0
m 1.5 0 0
m 1.5 0 0
m 1.5 0 0
m 1.5 0 0
m 1.5 0 0
m 1.5 0 0
m 1.5 0 0
m 1.5 0 0